00010010001101000101011001111000
00010010  00110100  01010110  01111000
1,3
01010110  00110100  00010010  01111000

m=1,n=3

00010010  00110100  01010110  01111000
>>(m<<3)
00000000  00010010  00110100  01010110
00000000  00000000  00000000  11111111
&
00000000  00000000  00000000  01010110--byte_m
<<(n<<3)
01010110  00000000  00000000  00000000--placed_n
placed_m以此类推


清除原来位置
00000000  00000000  00000000  11111111  00000000  00000000  00000000  11111111
<<(n<<3)                                <<(m<<3)
11111111  00000000  00000000  00000000  00000000  00000000  11111111  00000000
|
11111111  00000000  11111111  00000000
~
00000000  11111111  00000000  11111111
00010010  00110100  01010110  01111000
&
00000000  00110100  00000000  01111000
01010110  00000000  00010010  00000000
|
ans